1
1
1
1
2
2
2
2
2
2
2
2
2
2
2
2
2
2
2
2
2
2
2
2
2
2
2
2
2
2
2
2
2
2
2
2
2
2
2
2
2
2
2
2
2
2
2
2
2
2
2
2
2
2
2
2
2
3
3
3
3
3
3
3
3
3
3
3
3
3
3
3
3
3
4
4
4
4
4
4
4
4
4
4
4
4
4
4
4
4
4
4
4
4
4
4
4
4
4
4
4
4
4
4
4
4
5
5
5
5
5
5
5
5
5
5
5
5
5
5
5
5
5
5
5
5
6
6
6
6
6
6
6
6
6
6
6
6
6
6
6
6
6
6
6
6
6
6
6
6
6
6
6
6
6
7
7
7
7
7
7
8
8
8
8
8
8
8
8
8
8
8
8
9
9
9
10
10
10
10
10
11
11
11
11
12
12
12
12
13
13
13
13
13
14
14
14
14
14
14
14
15
15
15
15
16
16
17
17
17
17
17
17
17
17
17
18
18
18
19
19
20
20
20
21
21
21
21
21
22
22
23
23
24
24
25
25
26
27
28
28
28
28
28
28
28
29
29
29
29
30
30
30
30
30
31
31
32
33
33
33
34
35
35
35
35
36
36
36
37
38
39
39
40
40
40
40
41
41
43
43
44
44
45
46
47
47
47
47
48
48
49
49
50
51
51
53
53
53
53
53
54
55
57
57
57
58
60
63
65
66
67
68
69
70
71
71
74
74
75
75
78
78
79
79
83
85
86
87
87
90
91
96
100
108
108
119
132
134
135
136
139
140
149
152
155
166
167
168
169
176
179
183
184
184
185
185
197
197
197
207
221
226
237
241
261
277
311
337
396
397
492